0 1
1 1
2 1
3 2
4 1
5 4
6 2
7 1
8 8
9 16
10 8
11 2
12 1
13 16
14 88
15 208
16 228
17 128
18 56
19 16
20 2
21 1
22 32
23 416
24 2880
25 11760
26 29856
27 48960
28 54304
29 44240
30 29920
31 17952
32 9088
33 3672
34 1120
35 240
36 32
37 2
38 1
39 64
40 1824
41 30720
42 342400
43 2682432
44 15328064
45 65515840
46 213464240
47 538811200
48 1070860384
49 1708551424
50 2245780976
51 2517976640
52 2509047680
53 2303873920
54 1984338932
55 1599152320
56 1191211520
57 810028480
58 497602544
59 273562688
60 133347136
61 57064960
62 21203480
63 6752512
64 1814048
65 402816
66 71920
67 9920
68 992
69 64
70 2
71 1
72 128
73 7680
74 287616
75 7553504
76 148197504
77 2259867904
78 27516862720
79 272813646496
80 2235062912000
81 15306859348480
82 88453016416128
83 434669634711200
84 1828774814053376
85 6627689323446080
86 20809993539728640
87 56937845911414456
88 136590293969689728
89 289289331829721664
90 545345702350926848
91 924053700295078080
92 1424072634979649152
93 2023635562640100608
94 2691117310210986368
95 3397063170665366048
96 4117092878191916672
97 4823743122749759936
98 5475617147502953472
99 6014332731112647072
100 6373251906926423296
101 6494055943020483008
102 6343727865245704192
103 5925589675438833904
104 5281060192622070528
105 4481921068954492800
106 3615572862307060352
107 2767662929333846080
108 2006984891479454080
109 1376405638479624704
110 891232644152916352
111 543918315778293008
112 312324109306978048
113 168424017218591616
114 85130008970741760
115 40247563428036000
116 17758428739056768
117 7294974466973760
118 2782544136130304
119 982609373900728
120 320193098299008
121 95923275962112
122 26307588852736
123 6573076087200
124 1487727583104
125 302996992256
126 55084914304
127 8852535024
128 1242439680
129 149948864
130 15249024
131 1270752
132 83328
133 4032
134 128
135 2
