1 1
2 3
3 23
4 393
5 13089
6 737595
7 58969079
8 4925177553
9 63545326593
10 1772133404723
11 82461147540119
12 5016500407650521
13 369357572525622689
14 32049842608755985387
15 3078834613304811499767
16 274259679129934337999009
17 15174174389685787576331009
18 1261645170072967061507760995
19 121179857581881993786689512471
20 12603743062690271413465445455657
21 1397986792387783985503620973197089
22 163896667833750981624440505569842587
23 19996299572051185517013467412526495991
24 2476779008328956250119821730473661631857
25 309602766437883486302376402842995117073665
26 41837273146714663529110132459660681413259667
27 5921557074194612946136858128210886108858389655
28 872142619864754160826705176764135328789164094585
29 133319853596181045095697261706447188970090702249889
30 21107711525607748062485039826759558017238274373473867
31 3453527146835171778973251460605190512629094105761057783
32 582886420514156038141806376868595178032229857630245629249
33 101493109017526622833804516027855626339375502283742278713857
34 18257957646893600037189377172955012535415848977111696229249731
35 3385232933078845050863459424994063675686414094470315975024878615
36 646184298766797569169259146856620777773698283065332387184879462601
37 126872085614798573933233663416288580812049049566291858480809676478241
38 25601095334852384394102537942848745668968287405575315265277072796403195
39 5305163941525106582646607254697820825408186566005033433927157925627122167
40 1128202134279115146666821872827264431433115884074238050142008003291062413329
41 246073117183672972120049548473151611909191944732275135151441895619039207954945
42 55015028659927311882307887446846460978509454285838509243874690428331921248870131
43 12599588338034678826286060222498615187890728931196361941675094695185467194564377239
44 2954186726271975289799975023150788184422156936627189095516084412900623781711362325529
45 708743614538342602301639669551846379558503048608955761408796879290560380656137754178977
46 173893914533984617260366512840840748008999863497389651548698175844677932639405076673600683
47 43612252102093154683481074278514355795843930406977038057695356754485966779057263797003563767
48 11175231229478405734759259242053073291132752288909254810146912846532756187689162210360770676193
49 2924371454805677438861717310727254700675577888764345102435358419232314909620253653995495823148289
50 781174907356496477485869305734414823394833310046935982080102597721170787301093302911832295832858147
51 212922821790096489322295342223334237457749695458510057960398744948073343828583929040973807979382997015
52 59194384070244799701890367961647159934649521730613955051954951604899384849698247105735242886010589214313
53 16778619473373583110450053260987347024377029398217535869929063819169378288148645506046220292985956431942433
54 4847176727254783711993187004232004299249613556185344527240791159758079596508224919938644972514340012883776091
55 1426671336287005742601644884566896962011704251401671923989169542206969235733727145866739175828738547728807401207
56 427673879236853980249867374664451305431451611330856625573743769339562863534328165744595536688492504068784203943601
57 130530460019746243193050760296184494772887962811068200410504384400314122765017131138577171513218467452169591349664513
58 40549274092038021097834651172272382824287337634821070552677725659262531428182618427266620125894308753999141153871059027
59 12817192478947755478765797698260216625312092100624681097443954231186474459033820746727550534494631908744812617606787570839
60 4121093431930336008023354146490093838239700797944541177669290298168662295629462003769658294699894228728028544622115218268089
61 1347464154712605088673306886411932295216547994979964557366797679074237448004031969272541201832775833289315280532544777120106401
62 447905906464896815702707559818558854440565096423332825049066586610738242481779095178828043614659503458065978874328778254442389259
63 151322913980155194594426722195701766311742066219138524173964333076296045021339036164534425612936031289484538816129384129595520935415
64 51946728951055505516475523725618066658820844155056531164189709085006107159368291924570193814270443184185975394633846512886385912449665
65 18114991836294125684179881103042266841149010874134469055045467743571704769693409082271953052196086866679985228694604250974199075579868161
66 6415621329213815618265616897009535514444476597995734962229367640379649844748952572770695528214329811545312490793687043607255963840508728707
67 2307052068455471334173010856668583139861424885149805537660490436878198833463823119334464340747816467552287281709957798068147343770593199765527
68 842160183113103166201163873236940624143158811536538000727446278767401078592951387701084831996827651029134600234049239621362912222227229513990153
69 311999672538021354596214457274521833795227763158922702632663790439821551416764285932224279311711710537210178668445778022882324969199190594384390945
70 117284875398639388347062562897694040599329887718727548292036697723386656787693534236410505744799489281517379203255484686868072779452547767390664571579
71 44726749193433931098291027309200397131828987413510033639428139426030004249666479811316367720933536700748319427111443336348944233715079460866005534541815
72 17299824764404251504367455016195068438026412533679539903941194156524325197043077609769416860364546495158360941512954980750948602419901582728926442590847313
73 6785458383516722293278773693574377325871095828247922879941915160059352409343974821865784396530978988226464105949353865865102222641333793718596517012349036545
74 2698337312000969995131673830326135551154838808959436924195759149194927129478848887941094506147083252779599568774636149016244723823840096750617694712782692031923
75 1087706101425458560827731744393218548473277156136903948519527731232894358692074502400601081604658878384598428114057604252451491162702875781931643689497757765974679
76 444371370113979327684596862853200976073486083197584245288602170956245105914556826910097732050508994568642197520625110105215594571927854582893437913294110673983774553
77 183959725948175642545868277522681513266051096825021233661706040133270111324267436509964556705340094174441160740437212253862535455544405182550195808165651100050773267873
78 77155453181896080530078483249676937929475250177111140412009083243864688243876571942538671728857533594595389029762657399255300582780612266182101131852978753618853673426283
79 32779674411914191012843889711889269646813460186918315975289768815949405929644903460668017339038126992105702513525216901031409493039449929679232774634146148084027294352401655
80 14104756406558561880783562328418747763633786228747517588784975906102813771054790676382939158489327771821857169315915859098477470691202901555329508827050991722353696498888817441
81 6145823595282371240591955524011245539034763619236182169865190571370276719728331393038123449200743078356807548209479582604291578953099864575158506477301124463494734255832748150529
82 2711318023722245150149550502899180488741874482759272577803661609696831239278228945806288959986762169122461178872640599110944952630252470100770879873190476273843665946665422574168291
83 1210878832798264437572453564382057705669421205785102083807409228739850178557614074059914213816426445761818269621694978437372408010551749935156765559576785670869678800988857756143815703
84 547364157039848260941298871950238947980309638094280342237630387805523078535651319146268898942922420831878389833878003741564580240493932805710996981764237346004561439135367661820479178153
85 250405920398301542927492984895763575428610679986767515282185286410090538003962425051729278897818037487637609745192688410977299641581471734878054309318822808954247581118718417516676064288545
86 115916168250569390016576477832494434459651378253774563492394103502557634152533876589115472090196389699030817013234491254064214842706347346257628802594954699980841922986538381278783776740376347
87 54289354574335279329680996453835670440440341620224036255250525427982747346306545877966050013303089324919606257791747217626052908107103983816111764646645970041414119289453608906792620852565796087
88 25721602144114558077266052435137004731460779860330776654622060064204257068955522883996503199969840031702838170285263037896608684228223220861488065592163965834350609317754946509744533691377121345521
89 12326415591459529469471581091399339491903365078575463751991419843040936330128897885017831868060796487763630960227485808966371713806549209471745271487959050402950312295773697868942771371498474710876417
90 5974136157939452870524097168632545321075920162511173323695060543221104356926435945418750362423335620621546118612840151940438790890664864349728615852802853065544166905791642248600938992636366314652167955
91 2927913659442802793376083826365892938681014251383005359561395492669856081322600468308508559499484460457356219548228066861020564704869737424770733667978520793574820000352531858748500370782942081889856689303
92 1450884296462548245594305039013313577859354943850462608648581469180254489520941836847736720301828554781530470978828620804321378817412683184211454958962144611649760190251591610807507447742259602141878901357305
93 726852610107819125442389540732918224324864660888696429014934854126303789170751276311126173422881684196250549781190635042070625822726806567752714340767213224067082405921098046703717737472194176650469426540797857
94 368084740282375904107677472858151267246954429124266776966745316836163757079117676023966569229228804481827515443371781337745370139948575790258461404307167288099955001715570123537318063223135074533058351535594756043
95 188402679948931060940842059278442944877240927624470110597322096898819538595935928828433153407627493799299050025380608675382156797128863612155909117170664502942591510843949545149577804343048448304457011288529790431223
96 97457467486351147450418218046968608333895136308024118247986245198562685575110346910104376178468893993734904299824796359605419375901142841213910765053651434403166748997772214020079432036828407045973046887447729448130497
97 50942934061011165989454450016017044095338576317584165363202255776876683936790498690048980506665586585622675402134058829891406352451141713875968660004934046540840560220347323121165790079224677648194644717263413324121839105
98 26905841143171093857630552723329140951800058255267517206842995032029706394259754687065689719103025172185987888582598273400337663368409361388477711053861506090555816131449412298558105072574977884208115722264042167469956999235
99 14356776571146747207674560826720228679717239383898653561681101970869804730662234265662469378780355755411790811067695297807098000507958685008311602246159199511435425014946667754563578445723999543133960724891023273542048957938711
100 7738734643856173984014992339916114037111080514028967689385286331687638958806597121363805225413034636496589756702583542085334148792733411055709524861093883314761993726909618232089381987229832416844314173241868637394616619017013065
101 4213484661148302102952682353748952918320296275552962105040687284938734503520044147012061019827827156077429084830731110115540354689222437136379415140350070281476418160691691748636327804377120386768467710652899258238947591060278062881
102 2317010540956864569470012492956167214566628508910006804622822636216751759969076452663893159038926793380701016251477637249215678238734538157984970139133086032840493180534290780832115661878541697438729653729401314367700713920515078889339
103 1286729527386706132299281724495642855780616945913358711828517287517977899961000049566873321353340315719536100444938239146990705874944528869966913498396123913493436017265046541621957176826830044301424133868777388791643348312083473532939767
104 721568478328018528447711146413673719039390774924628611437737790620087485191682844485033130497295537304702471494578667189412634615008381824038113719215017948805785329682765649456608368642663370298306013041919494096834196369917023541828618897
105 408562059212787663167340546026329221646175033918155175954661505684254593499897367461318520509677248674416621558985069265117445730322995520094885342995105354988169907247523625064464462117670227298106463236369547322840877392208664034978401052161
106 233554725045944798209338750305801262246185133717079075307943198224851780963885876873819814569272906673783949344206207398981571609602354136825734884810451140725764869220770666891304912637787418042588159491236885863011335184092951307598295199419507
107 134781452427933311582859922762766564278785754676721970686604628563972966687242019839976434533572386381178141578235898759325089635481536767564193390564584125446354936121034375030976830347810842824374876355464402138151595302140808398368282567344974487
108 78513420912292321126321150800884061167380338252345926764299773546594100032866826491517893729069782571210094880019571393100933930859469280206446281321496971575060150635816601973133271265288170996944187700900098671197116530668657192298622941956207129241
109 46162797972512898918470605197973791183260139396922431663727454765530755032574933428038638725337463595216091798808245684326045515996157323313371033713345547038535443454234710393526508219112693430322202573336623967908378718613403525915855869983247017551265
110 27392877834279952857727515417564431226704308540900081214414806373921486817724729105080617308454224788090303343421062967096176966368620577624749858854273172219001789406212217150482597559879710451222461264262032186434883653174605808678256958174613238074936875
111 16403784167378505106098313276014057447031109028489102652225789647886451243763705503578684014307593630878166349451329283222940620713770698401843397299758199806018889885216089183123114692807732769685792572208091385334852952468946887892689949364007669938605967095
112 9912323714487018148944379895346764778770460653840744859466316783349371765078403905268107857042231966517623950373721390667283133692060485879022602135542557151390003553194928700036469968538161038287789419295556537577213270662641786941500039278322756103622898704481
113 6043614974956880056176111274955436642771748633566022635464369412271782537742414320281878454775306884626910600036674183241528213324466666584124240702544623381843090440692019916296869560043577600666340120609882951045649790557143827734920659457740474991475743691819265
114 3717692318272695518762472062641354366613598016042810423264076941305293872791990808108857337280376792532345289899594681744764252635341125551493864102229154067017603565659559880660867930445438213133708368792425182269269370438478674065280263283348684486274245483339862947
115 2307127059939387754413364129913242126200661773585163129672611410859005782144567866974673390742132295427537435721424302390049699022103664370040181819105804470815422064940926667747215855234500412118668919435938387108203674897988714849258337842925348231057582097677202360343
116 1444300819267807834683089939034133968944596612995561251451696966034909949716630925404252160370460936463528635362826013698850140152743738572869147666067242154105023383857748774085612382023424072045829139538682894624258182820237560264537433652808286147703238604188170792010985
117 912008984916286339103361778930600522930193706254741346213780834310540011931782980781016320530161857858094046652214461811859928124506906005644920783977515941312975500244477663491321716289612089740505318036098266043282926899092678357950174213438308606116050177660045333217925921
118 580849596500908942539000261808620272200758584981344016351260184520326387605173130541299818398544893929071823756443126685312481079325300125989833131347953879049984522746354087532702677156059210971014028360860867634972582680955490003915197011950370177987646396964334086122195606491
119 373095259941097791521655733098473905741180148757419028132669633726380123929097101010033739660134257009703822581129767320395357100396173853608390619598095457723272786635630126300602808831270127505254113152862597405367503418771859754120914757742324356756570281651365450050177265099511
120 241677443288740591778676196097670072884219952464850711539629658369734716527817573020250839784755799570690386997373890549072392134075361890024282888415998269534347966244435438093788145485546738879237458467107165598220249277068961529490980983594778856358078831671776063915828987989188913
121 157863691431303828730568333445301682641566241766928967443428872925341157789399817879910282418859043560397394670127445165689674959017892246805633555109269640631978630300603218632314690591228998038017521195944283870712331535213425587918502691493652306343845522926407904195915823340577642241
122 103974789573298604762534232930353667738473652904255550470325903365918931379398225596689835030539666157371647084519637359715815479411845622522585474103456123437263159700390654237264878049023066718974972773968921235861393491232297774735968472034495058912860358560231874817247492607249014437331
123 69046856534356281747962939636980110378087907459231494356033954893620275719944519955523449342066875507695708537297312110872640798560894491983770314501208828191479902237418970779675256461677472891063467601221661323900979402663231756902115220529931810917079335792057734196482004792280528841735319
124 46227533923409062564042868151419503657559878852785067894162143529084807140045139477334946529539098543192349439825255828056901411137459798617920220472517159468177099549478850192188957000681649184513383138686020838947889246151319868200593136527471553574244362114119428468412925293329416476785362489
125 31201096219264172941485952061169501135565072953727816999987508430917933369725783420231524557671668301842192703520649838492169817700244639116106944864343398154986831824807665388078841875110546338620819916570256861238280802951551356821923734670991314265660685221189167045638993135060060904611837372321
126 21228685871711852339842957985916716748446100848189756119800495476153791279581272970186003353527977919900836328456570510826975146857519900540393449432857871238341498447802118718966807283593228163030724840332632566099163812232601405803839911979651861907821796267213209366134173738977316341968791602479243
127 14559040937563295491936208870709335615944740045709579737065760924426587196639758169276159354896701288894952201917764751622582015334158476794515048573543175228149990597979986893269664818751108730130810950717556903499287157792997523189411868320900395582329300367111415786029497661763691110207593087293041143
128 10064020853165531865007264064640726228019301718106283480732647857295053928246103780799575747741517419151077915566509980469459524929099446541127997979353207274574923606683934262140571308660320840187433099151059209026998659429811840642103245422616737871613224313842297863231095749783688818483417127607800616193
129 7011525639428206506285371156925625226922507872219191454896367524177225497470187782979980832329012364021886129422463874382425709768509695367834508762783063912291986318320619853288502825592283530428648313493055804004224657323158572539889589174343480977427249392760155906383045608859830028200632118909016057194497
130 4922994085006024898302716628793836785701374636025157949420113667824086407462333997214439443400477999484538501663288567884826542758433907804958362777258194400932230831302560938641807682617341850083772814730484144087115066691451833924905638473400388628494648945768313149690128648862771052614640574785911122902313731
131 3483339863132575003322394237752768076917856253746400472705072726054201546660723950904295303113596803219514333985160096283690516308426214806239595817827588605513114544711600073541762503697994879975033587959050465828141079221431736298132861612779036990951643900044054145053239073427449626249386647136683827296190935063
132 2483627685124179915017870847974538657596326366137720808753068916337126159901371906009009307112520381986438247304345925572659802730451331242406299956077172368231006452492775034420654916064949387364960896527067094415666162288457210174294276044408949138311064543954295344886209027586019264159858139480735226108721172266633
133 1784333335473840478466624138056188105606445155973379137930691598426168641870858398927719443389282501190904711446803246737758222151039854697526153992584096483534002189892295659722011111769322654524552009228142280705752529800649825920002457273475962382330106989051740304597124261529975222937546474541645517605403250819621665
134 1291634001964594042712065001354219042509959958062640949294362919642569435876979073707378888251370052951672599351896351511949875605739850953567321650801122026811671630854920187303891501637764947049659237112218367782388093435653285278748389921772487796056448802927455373568435913610271083751583640544134417025673073179839165499
135 942003319828464568443637752264922197897965984996843457407054933889264883961198609066438454291623922772560854209873884149132041298864807404284513829343142578200636634850726065027978087544785040076638907322220133967149258739109029444787192702345642415902301608190800139433769226155008817342437208170419654549750102077765351375863
136 692134896990205141668874884262563657896109138425882794874313670808791954422538331501215876693306297557942979534224711789085720724951751295401066859960272116015298479237893440398549296825811565712782618641322042813883423167907689441917322698809679968820615957681803683234714370316178998603856005624724140083586282006810764576883665
137 512307401128229984278610748285179229866123848341690930331820140331728570486695777970986773804025972208149225112785408628624774869648189742142956926498309713518064939226057347009188813737000660426600252185013472783400214154780288947985698653128169774767983231572190397207520812978514028792603760530093007358900059537755255724340499457
138 381987061199224838338319476133459772192193641616760942632343290858204892160269289642004427675902112275990838027749002571594350375863658141356253493786296972494601688631165609374337388235471847378789208356143957511795843204658673251557562130572427709938557344820513009773076718593731510799919399830836703200393097458065710703758539172659
139 286894170614979133567465389544406078655847649391109117554707114253664905383951523574809006404236312001575471007531588474239447100403987820339418471138569343417067908772529602942294021130693441317631600709935690951228187634988664077197070545439544897708649291326157510655701329129040985502008420078778564345866953794844291791220840984939159
140 217033656273302302389281411541459689759782576829948588703394765705571142372205301863669445373118420118974227535538888838789363404613835687878270467607695644608051069886605950874398295625121559194419695658113389621530581320324106776454262800153143264062744870240519014991460264576037716868293408420079432762672308519554280190775436451268113881
141 165364510674891118166097485826680946166192396397630023148854874800556151573527441741028202800249813576395122055799737094406526330534801112510257414575396160690713167510849252856819695656725570722655181255467488894109037384152890591467759256381198092539371879497952460715028914990548983532178236478896097479668220662048628457964917367176104175009
142 126895225408149200199047927244680769502025051046459732975387722740251312436823953110063416663922397661308681017154799105241714182067966364391764310282033144840055071996305488767744253472782634478786322144779158273419051474015283412207383706838057783595969979788106204675044359669842343530337386450695371621128993797094818247173580444962802297679595
143 98065038061700387935804513586921449881248504902764927755422529486401852040693656557997426246640686815285351594458249814234310385115826225199675868025786314352369889138028524744883589064260666513496230758542002181735421607977087040921471444117542193343436164267109956719715053970713268572825718813472023761215764142754427353261767404235743967341566199
144 76318104448019005552585976994563082253838073729197044783239126772354235884948212533059316967502035641389984520741668202840536560955865822940417215168293520132076084475827573423036944384374515142182399833460007711009428219785086333599705079113385216988639444956341552919004766592593543283815606768542667088133881567373116721982062422131539492660885337505
145 59808678707238858303812423404702471627877468594130298392501329709446183638504037643863458269210109886737963068489800568358413240008571070818247730264967391943631688913468085945440135798441227249170589301198476121691932150325230778826197449345041389438921487839427989778363958551538719800897062908068093113515515790661542837255337385977634415887394768548609
146 47195783328656935282565039661125543877557675864285614617072076474566595255071983025562420888516861995232364916500505836086421900344676637782987067866434813065159817882632377302510596891103664627372036738505871194162354401203937715681770124524435176881661794185166648812563123480096308557379264401831979120135601717910255797319379517484085979894477717256580707
147 37499366594756399145203008811977233348572002238933901180189849417563134252003616520517192734867261627158082114610903521060364921559243718081338219157193180552234024945921989347518149699075473468764503173784969135855027961707306571751937761959112510107439012617542300902717359937368780956057862776224262031675635081881893697361906611727395698739777301197608580119
148 29998951433674287614708831630351605198130239159542975551583071478046271443408769603319458035895341329976261482321505083808079624291306076423578653305676034827269802491953761911577917212542867150547094701141726669240226505650822202382395065003457402890333456756649477037277835961671855937891602175181252864042488209117359421468690305406303655219697586014043107652649
149 24161815801476766671082187772376893228310334859501423381197543181457664304413809635341588829940594480979054649029004049133581277695770818943060732376637481506385307065493030688963451564347747516273267589020657753884356071521565757596542448048595831054283870723143721029763666004935510378447153001529192976332403964903779834690697415822261421733893368098441436292450081
150 19591812994169436671508404149825970618014872841980534036446430398498962782533012840109856979930756455980222552701589641338596303503457083963169667505353683712546551002947235885138048063924863531863934538350605824321651608192610104532502053441933446597658390829805274647930746604090283349493216193546160916557387043197615432664374523632674872557890016941521079215385454747
151 15992697554891202021922550534072737619899782787191362935930173880584607080683664669260203112643363181320271521326977122064489433728143198219475895617178948133093957825231903835971984758401507896447217014954334729517902289023541696732915509456720451681426776085366243224040148231150881565903074700174164337244507832060652309007219952143729964622947716269039631628116252692727
152 13141701461024779378902577919328942212814470535083815576443381414128993186898768754169687490255929237621613596804627813373884452164881155895511032139728569025054158778802780138264582565201975461942295060572213707755708652089472568124599280999012364876214679607248975238743439517466546367011301582733994335945441551724872693467186812711707601659230160815809494276534293165847153
153 10870392746704784101511478303224217604946885743267835086584430924013530197319044579752314666315534267207640928111584014478093353228240021084355464102316078834643544459715182801196251480906125336503070536399375786592910704441357525391049175210769510549599587056287420589038938031184387751033753178801684924728356405762743955188099153244049866530519019458366251093868878906981293313
154 9050735598409618548922640051398817123596929586263205258126013643558475191040905907273120686911706008777130482300268263889100906496135457261855135911482246552556947556612020917612244885508090739667753436143208800836741911812358130029934159067969486368694319157440409174259429160569403563311960550090912666521724908180339255387414612759224767018306589609019263277892868052844363558035
155 7584885127797491876460062909563192877389208837511830698715407355856668352663452770976801532043365490699719983517900960407657419090735204946890212673054226868233412136712731398968066737834142284332886491309150474317353043192302693201450231885765904287703020134613206593888671748782904748485820022764908818310174169307864257872058076557919477837535660814240029655025802270987399331796119
156 6397677556565575822726305225311733202603581718867152047755589453823357386155204752887928552170484707960883219098894830419988377614617533891061662934638956196068260448273725238190764800519894117866957404761745267514864946101512172956233020873230725046193119683103680562441499429403943830405833107535964109794232602847255185512398176555080598772166426764848034558955855678110605379166912889
157 5431075691119651167567874013413479782236137150012758373518818014703385998473503636856484698677509132499153254697600786386228202012031307257588775942462142159653534741945973404996523975425754378703465170341312730062288264458545364624449118731124155540258076572127319652855460063029214302271699810359186599037719245540846326797491182462094857001615065813477536979789808155655397934899607068577
158 4640039938216434002200301283121873721129467374404878167214870419950127740826446538015220787632969220455005653421511509266752939637903300648733148050191715639371111233683643563571855811232268934195456352256955446152746140535858420501903663072490107078897048776005961541137890042129701393333424299999048333267976274325931370627450727853295967819278348046915211890088523524470996292483090342484299
159 3989443799724012758799326772499549269586123864111507144577155025464019203993943392472716128655197330791392528233845761569021060822345710202538916678116631831161356027518454935932122430385445718993432026765930865401320345345455489497659486896214951008764732640582180291522191039289124775662420990018274354014451561343435910858233595570107448706063615424253366522569327621053544912054199341869077495
160 3451758392343082203192895420049843483471707918345410806427285133584790259307179633911061314603826467559887998796108261537185717699622475347036019942727444590624856923443713908032152045896764946375799923186750958676315791586397104273032281498923136999239112888145223618526631126711656599631562760570008633530789886407320842795309398479130643862040254024830490372184032982499320139726551496730635518529
161 3005305913431571902534247693163404706965966013982545849522135402964517675703799301913046235233474145896161257385994823537471370433581753292958862868983689361066501561885551010660736804747131680587129031207309161201470543937655825300722073735412228859810717161758997071667860273257168038599445176906251202927472845736273881035884747522624720943805950380190173813600734164371136389217945844872443725277697
162 2632936030091486598524097015217719467927333557437911563995960856779555042158101956491025755102191117638183614878294970138460872855282492640205905869628074934414238816890878091109328343230146141329749308419333316733045913809905399579040917008439113433037863660903764463722298985878698449454742797031412532494674685608769905867562854369233201821182164831016784351628485101560960537478027902768564196540243395
163 2321018119032330902042408381767916015608532572084181402472950032809960697217282841454833524432953945170599404470247292300493811172212331470229485597698981866534151194746677831723364510410864465748624504393249185862698181038317615238961033981297957296251979090043642994170557840937965061381964145230479157877564214478404496541543344400092544366713740406201017923775219202177626534616098059674129146327036040215
164 2058670481694136983839337903542094330025748323192314387770215519052250339306796376215525975466539340157128426723166017551789462882644118034844781087999304463233163027719913076391198020456130019560249267879168036070623337551109720456949749850808548342646661643325082818431840648663934625354322565280299407402259016862269724187951230119795598394202006142465918542517682349904841731342392245709484778103754431718857
165 1837168165472620514237998040575195457575373540218556525229657013915360661368325542664968505172739819705483237066448620466877912247598811520753528464729856426090450050818528860012398009301729912914443045026559433407272067283948222943993931180181875243201839376135952752056114741287636537747658623153831152144245138227419849079556562538880882726052895116207935185330921686697413276133496617011164710982929762159658785
166 1649486002924816711887954556966539942553956739743564770459921631046693698753142421217836699408448955316489217356547772239111353754786928067118427356977144504240785357905219371439571842779815131715094049479407399924096744539488606257319660559015838038860852868136005899926501912162902943711007972486747605066821261672667441723031923504206871587481565382653180856786340823678437453230840439253465576023014807502543927547
167 1489944474303540090983103728503411082485885633355325979303647512179127531527781994562562582232178201282901848936313448386396445672543982891893284780454548683964859656362278297361319018055183527964313770409641253102884443413015890999998365284008818779915333722830431035713733570488276937144601605835662040881950059614742000456998806732374125566881573708889152529545316940980613809581323961827229693808214689670297755863543
168 1353934101674001207458017787318959820049703685036264489015151746449912739907956334383166066821418080427868498122946902464968696105455394391025280335116015218362908499057710083889760513713637581136287262863927600953586379752870989202434820907404102554982416000924759072813523002975032317615893443130712004596761275482478341207572297367546563317527744159192919593853778127779627038799779794446802524311485761571722755098062097
169 1237700081247869034869877012025774601390338408213264294086012874984986936782058160754974050108545266130864422399948364006130275981250229036447466402549711790686256501441500894776073669501265815429608565655707620465390154314537103660805852297796857224757852136489202099238308708297273663819090619085930899954251796931007985445680122294856553863620447771069453918821711201874823035872378826564468084759379886791270224606643778049
170 1138173320118921138514263569731872377472292622101568523531714820049594042956621081575128239251195868590372112588398488114734750053764119812796302940320302715410064657047231408746874898439389070988398771235153318588768496874537674941207794667159330101011282711620729109208570211893026423812731831151074201887589565157902489747108654876262147757414440619443288635409666425748971751056174510175756775586947753124473111054910662244851
171 1052837373165359525375539799731894276354246540327963749808846291564829829784927538132492873383129998599932941628475191259432244475895472696415594045924647417662705882294921142934773148287715383918388879813663595948387895928111658207897576135459884303778454973232759245811457347118680261008611857997611203448892903393414016368498711016024061307571159211090056883197421252770253310833628277948654793830378082656052820015622752456284823
172 979623272271718466561034349860787609410042868509266990874549262232473886345226541017631146951977223813980846150901550769749401316236258998042686845581835574053421363650815702568064897401072208502112065363971945000658081541291849044314362786804417845470285907951156505954953973101969581478059688469469940968864262985020336179193435106830210655242038050705671257930764807972424962739035187228754833606878349595607777292009442620687919385
173 916826119538446247410155860533841271267391938120818831603263158162538644425337367636826151932798253980661913748157521017410397603355513589557786023041612014523456678837476890001615064545656589226261074933834463809376938655852350434812862620208220968777812913439323547812740746895905387464471067491282673644522230718077149954225074191828704127844836943997572878379836746638128477419463670642631831691935671809253273231706774306405568091553
174 863038737123108124722901083737976393150100679500104943542501188986160890178678210142276815663738326076502750634446782688253000838345587800462779698735249978270240300670702117215413444516352345949095985455541709362988871538016554859601392985828126533700995875932588096657571755137858669291542299464489526632658862194360881725196893728275435122930387163523007299863839907885643799112153444676428939391380640926878562218433918551086373752061867
175 817098745162990879479327888620040307467164850245988575996951574648647287854451801440759155100177805833458951219870666061315498407183072328034934438039744879169359766457740184338211269432059411989600266732668725203008678613885945667443595774729244870461871094161845399999974690260592508823222246703020221153607549847534215226274980766439770737198602623393779517374880628431392762119195404256932400570679279989062354316894326626045436751604816631
176 778046261743931662501473380776856537934992324286417167084183417131847200151411167413146161700626118623967797873577523721402440153425762306026555802887479832855888017287943462770606380290777792718815647080651488078318534736826130508070022813581038812266713627460523506826661847023883383058336568091727083006390808397881917018384841640184127972947511639688501584989466916897573522342420848243009686787939335575045702647993161889512638889622193945313
177 745090048744147802288619739377933669949783257269820180446975609611111167262341041437371083545133632801700111596606755821133196680660895952728000851361534046496084117432797717289418329177431606994625900544766312372934786954744458261163489051729588650480320324187412977072515773132345483588895104071964848451015505137664609738807839685921117276582329807718502797290288227737704800955393972605125969433833264105151134809045332089038023251071478648392961
178 717580411951643615858223044878897714807502803674890822476619005829261425949763836026207215060393759640883774439859148696713978906756736621342309278343299913998719708247638156739349568285823625095394089857974023330900314198904931706233522935490073606043939864810742002985430069869764751528563487443182913951546710677430058874760577186509463415297660620620785607876579698296203126370840868379850635911254414561125376947098960224387808603140293769829202211
179 694987538521952898300022210090206367650660879793402046786169825226012327208956882303967008522863811092971336752429926042865861721653639893219956246608037602242728691966170696317347312604920461889723727786240875081611961533013185472227284382555196115024484645927017883594795033736491450573175028707878054331317212369242803560684281830565025651263184041824038840790433505662482590987824357473988025988391325331525201087142200639831283958531606043489056411671
180 676884246181324658424050748653989071210221835687348377814544920259430801002166747729241029129225761616847480887857084875754748583549479573956654632358018085390377374872537950472658533360925807490189106418756894441085524602681874577880291093997497987134307172518633448364878331128298097791127150769154632681144573416927875229339562623058699589999281628675459870862456193097706347486205135409405425043958719212535530649265403202925170272104934092785821719778153
181 662932346638321620925128325090030315280093833888628002151010040831967247288430226210481052745887768154849321343022631546078458358499570112241857157116370640729860005475693760660649939584056166405882407711531535336635228833049951174877491472968143899826446496019606860748166689033296665300236477272452572342894293814215271084312768456196372951446375036944318012931293278312639773437171990821679705671075358192645211811517087666334980334022547424832831789468197665
182 652872005659084365302936095304125719777974244671561969376246800675164383599806158123155654151396393573800591704048816784678489406885192848129904220804580278420699496391633043430490749934794169783918849960981214283652490092302221681142113699632478937560240635936912822718857547474023366837183787164171954534644041558332346691329784295598179655790988362787763131969893418429515298877929342722332199376968648895958876146205438515660190898885044579466540495661475259739
183 646513625814740274187131925937174196896586570342695705971486622498492220799351220527478250887264484493125960127450351627103567216899870955542699589410421452474685724309603830232798736825100232734074243355925224371151224454356681890021140305008723284981814677633175763276956300553886793674642193041453567658355440199447723827274126340342226423774529126363818708429856470511842004908200832145963378791228477019425391119283087290881579147739758441942713997947031541247735
184 643731893987044924533661885903988032009757944266697969442656235842034803453055136165728008871024940023627159450657649340437523784049447635532360374214479780841521551766558307645612437770727712579912345397446879246967977170278046727136662697862150715478590114169658663525056771610400389138966269159578454339526875067614849042191053755312425774704480800463791310054462301729305334590255217183290874268050247958891984894099967217391338586871340212063194513406900480429372337
185 644461731312947749508412623583734261774251824449061173858278249593079140088232241512386579952051066969169640772081532442505906569178604448386255940459081858451892195239168799232005271784190302357736310613872479970913672748618438598045536999713654963439745234434380287173750470009578702738996554427788467859517900738331408099755094212357596435645088462311350318767059864102477350128422149626775608718337873499166881535382326011616157714024235889060884353055068626778791875329
186 648695963905234276197632398823244747451408972471249146305652689618074389652527143754970391157487828346128078816982607974821336948200393301722302154002292698610693164985990016316347510723076457469195903789268560208122113759672209833348279304163696142488140806235543614383592123800730913858367213838488641614862377573364501140378049344163060219927244828006836863964518299536984314100610589249501125031120257739886658040886219481588239483569643048748748620464395639006742397244243
187 656484602902603081850161504703895627201997316134213328594144989776166507202260558940118179268976373806430090463710556052332670191358278634978000147270549365746626351934211894374329387743616035156418854403593894252210424348147913681718968575860439544416345417962248838032899265379865318761711075816852109368241617401932008600015240892690263023612196973679228960917115094703295392926017153420680626289426830166320947753371765758384392541201763595901787259161229371977701919705963671
188 667935685942729293556553113193747515039388548591824690353418155527557666789158646380884106754949353757414084697804278655678949977184918083651541064686171407178922199719981876425342668782223175380920637640259916665876454560649424241432324278103358356264451765356961202674904919737102591729772993110127260735337552022689557352844947842468687805272216293071912005980182332253878815345090121885127778267443820700005321112711416985062370847818409325445085640031681987661030494526072237241
189 683217692298835848651775143212137706372261223043280427033506475401127368592906306473479117483712456905457912021762198989291566020084937987900309045982319439043785236338644216941420695560475366345026329903030567158553684241315782600607430185964316852333348063457261632441559147391848662328900148785064103952407420189003217898673380385443138434681110418860652061208594567176997147237909094452132652523547367949489625265576386425226148182115508388779679544263548663048908217153499350157217
190 702563603686843953542679023355177283761088965065245850752646338426638749445652393700334659881269085652720540188589448187325429228766571403815498656906966750247820521916763888022967899609768130526906329446251979134624056725436985683706353443344979137010852016719604013312856377536294893884268416212168532195132762761573972289187676888992615357901215236593381953467763434877163407379958159827798512502815029911799895246297458979403088797970170496241279247309578003587827048644200987177443851
191 726276745066328307457367794797667410806827748363543916247080468727147378543119616405102307724726099174993180020203638840679042642748293507294862853166626655822148485882615435126943684017127535563529056348576488794752238978581483289463606799043406080407911033347887853855174699593338169556048429945962716067193682467175720206018235195773507869391980225203285337585145830870983727734984833192203109117990005201997458609893514535219159472642421843158923492128766567536377641790890929609204739575
192 754738607648425624610823707953887102308086934543323595935230741900952987185233150594966827532474238328025683818671636302819712166453387259189524869790532040664755836061135151394233944754246474309318085716095724178525367116025697904277584278053818663465347834613578603650152070001748495894106392245656904753298427747797226902061077681649261679222470889842957313788087787793166728621947321265095749788048091374823490967017211282678070435178529400956720298754992602184835799628722928357937096843137
193 788418933085262188008616462776948030067360276518776718103146647893564548054107675876921659804806757188552115947420723425393478511823478997845915291903371718219189869027143407291144291375809412496792044698462031737689068945245843002018461474945776893055734687333789025642695946315741045372019480712733221254340595754615155804726820299733309441814314297991979617485804928708136637611908685198380902558759012626821977828493841613928658844561994284604381721527574586595021245117294752307116944602389505
194 827888427214205543866545014576785897500183243511897101321035139393015410560400112857696410898665187482365791572765047063319539675062135013020133000034670557568809600065314029425822131336365339273561515560989141729391978922127679950672908176625269792298723337128645307414921504917333880393369475667696181151335466461420435682917820734084335053569844234370003966178597732316640212059782639174841273254879099833964236739999892975510089404495502221397242837234309524288276463410015675622790767759629648003
195 873834578223422521711766257108809538807189266775147272608893283199919019374825952633597938381442859446631995001289684061552620166235622328104842909176909055883708491708416028192721471404435206566761052920288732976236264293800085867048503558686742981236364207863100966880618351181891773523960302003029799158920475447121981404699861993041964117283969768394856806662739421877052985003342144842556397127581292117982807387850346534490481465919974473308169274052274907670955829872774418978036709317970460043287
196 927081183108565951395165230878308948177417880952670312186184748153533412936558350856235292741735857523465068800073367701478470158578599031962258243866148420899239382479429471357750219447576861041019254488976400706781877505384630676215209478919162748781040010869051544233695709897919142440225879815364696953270450449160627684790069746717688388052991026230973096722919028789451603178135173606194263069787497490416634798687704170306206217554541598693859905582012229930773392089960168206444068696326513834622217
197 988612344508413322516862035154387674762021219075481436004348219722447597577657851150858409489797726788304404455578337818026609827769276418190139039433450002677992849750102837617496292662003737740360019921242452965535512886524290048303551586570571033571960259682821261987322687056848037259719106845658619385279645268609765200294702156962186380822460992611951732539268751191895926353657182872689578964433491061654989088060224681760339933377427619246004717772272148903102185816234758821825157207916553348661451553
198 1059601895849619181843075205644714282714893278017065845947132944102858855625183801854729993880180901930325286143926941624426949590976888955780969327592465324144356646520921788193068222088634785069668370691908165100477457724611990337285443473954103705866554190012333338149243933855367302409822038292659472493294249027553646183362009458131207535300349458123640995508710018190820325496708099519360361616677530486797532275025593403694200752287426186300043140920454994553784856784485981870025528550641017652225347874235
199 1141449456844923500842895733304978801366480653943959029517546803433146619190480042572324208211915491492937364983600465221443927458207801418686685067967902459676728043349534164759557338107987574172894999125022705592890395280507157344697141836732750279903442574037325865097945495973767080176992137956573466920139462187170761740791528382817558896047052341658950827000179806589328035391936602668452993985215870314385754481773524843426474107806291538804975309483380654128910173670093385880070307212707970673002019568631799
200 1235824627348440140021309165135521301935703248271169457055881625369583788778433353771288829651983003324123144919991856714770561816340400388739075560923711649737788302379968925085366159294527836225125336335249457537696017955312473998995066761573255915271119962887090860260381271223474872240784814790390986959425185958819555756279006721020975985844462043209575938895516849552044257594171807057603976764078153190003529085639184314544645716007840016995683250075402680297989887137175734109120428778239339317322140887011460689
