0 1
1 2
2 19
3 312
4 7643
5 256020
6 11096168
7 598896401
8 39139847188
9 3031322144533
10 273521581657006
11 28358733352479982
12 3339902710297719296
13 442517243620250926437
14 65415815270340860490360
15 10712294881435175920813811
16 1931132206343352778109827474
17 381131556689328150695615393793
18 81948636103573459820562939756571
19 19112043552847560624417448522671681
20 4815661228908931557874855157229356350
21 1306278366693484667634724441514033107365
22 380219661384605355464132515581991410663096
23 118402935299481751624572065540975179928619772
24 39340163454109073782714569405161650139140899240
25 13911252523592124999725444061593975006354067340720
26 5223315932377708308895314914246510986578122384893023
27 2077991325280847155755568291549779966953347205627666003
28 874161772112751123270478917771206498585022367090005646296
29 388135066921561436619165522328056638567504220336249375654987
30 181577683291145029074403269429156007097690797013524987269137907
31 89356088996802877182097767754361271412738821792267479375983630158
32 46185437261794326142993407552293526890330571374051701570359726940647
33 25036980049772512381176168432035564220545828386459255910238624348841732
34 14215681629292194628517983043343350430259239975023035504204845813332448803
35 8443222537433304089839087918183752595001531228718463768797636344734027741032
36 5239379328244942253865096975300992370925151314216168307689607597524800527571870
37 3393021693112521794933545576237589510299927342998509805835607312084912524208715235
38 2290648406232684945174353855133967377709630036088246473542871999443066043920397650972
39 1610455674046555317913095017438555850175850821278966643547720537470234988810395251297485
40 1177967097893830440180831430587666481213712562999777284953907863583830132537526215956526752
41 895586316195496122205165780787501743074193017177416003365855827578552199370003213787904466496
42 707109099396554996375253698318443439829186508320528543038946491854282083070099039646989287122444
43 579298607711140452578856140677215912497810427004013318337941781747664060848489811047892027269396357
44 492044567251414780010972438341503746145634726034512324095731104860442139751005022075085763031025685634
45 432968644999703507378163214628042116313142837563804521047530961792111104310863950936562827072157236481973
46 394400082721665198630983536780920663724210832340560298845948172599457576727162144972475635617680869717705616
47 371653329477878363509703346993898407186739030947590874429946410634502474831431950804458959151661617002060502077
48 362046270278666262597196172975911125805263353246783182842714211420914622200151876863217525682874393024947044492089
49 364360701085238454078095221518411698869249055826376814215592364526494835529134737359892016382992899918207494462311923
50 378588921534277615269418680320006234955723510139557616004065190719702811232199130163055450371530978150980379923190957690
51 405892665700858477476421558497485002553330075229495745185557989356060916612355661005400809959798453631175570723510075361173
52 448755037723295013065983245583187377565982337782321928682661057176968277643663049051325368365449435856443297474246510425942536
53 511351503729878363227285345702831090855074125651450997467165945451383549424181945964306684251906777142758003751283539437360709784
54 600216410657554508137599628724035876754524148355849878502843311993873164530870791819547784960811406570213753574287283535775314408804
55 725351859326875083242133831407343224018206449179548837970811001798331230313965234059776341085086158589909704746279010397174019862272152
56 902037182733712596415710412082212870407242295849126460332795607900614859638738086166893360428452426884593011031578273556390665696384753591
57 1153784779686238941639437543136962635269633101758942648345720150193474358621727782213459396648534973014625206342539884689669905140132738541675
58 1517213654368832439742757632871206684581786672707144156098715050853596089210208012052273495050884081636051051663282806363249784917656349100380998
59 2050189100829889356830444503745755178411564258383885355178284122052886311232965531714964086810257763140277012556683379249218254448649916415782350239
60 2845616877472703789811922833341573832811586057330376509752141645167488326471404413974345551825502771746613521451357660970987873501458303660214858478467
