0 1
1 2
2 19
3 312
4 7643
5 256020
6 11096168
7 598896401
8 39139847188
9 3031322144533
10 273521581657006
11 28358733352479982
12 3339902710297719296
13 442517243620250926437
14 65415815270340860490360
15 10712294881435175920813811
16 1931132206343352778109827474
17 381131556689328150695615393793
18 81948636103573459820562939756571
19 19112043552847560624417448522671681
20 4815661228908931557874855157229356350
21 1306278366693484667634724441514033107365
22 380219661384605355464132515581991410663096
23 118402935299481751624572065540975179928619772
24 39340163454109073782714569405161650139140899240
25 13911252523592124999725444061593975006354067340720
26 5223315932377708308895314914246510986578122384893023
27 2077991325280847155755568291549779966953347205627666003
28 874161772112751123270478917771206498585022367090005646296
29 388135066921561436619165522328056638567504220336249375654987
30 181577683291145029074403269429156007097690797013524987269137907
31 89356088996802877182097767754361271412738821792267479375983630158
32 46185437261794326142993407552293526890330571374051701570359726940647
33 25036980049772512381176168432035564220545828386459255910238624348841732
34 14215681629292194628517983043343350430259239975023035504204845813332448803
35 8443222537433304089839087918183752595001531228718463768797636344734027741032
36 5239379328244942253865096975300992370925151314216168307689607597524800527571870
37 3393021693112521794933545576237589510299927342998509805835607312084912524208715235
38 2290648406232684945174353855133967377709630036088246473542871999443066043920397650972
39 1610455674046555317913095017438555850175850821278966643547720537470234988810395251297485
40 1177967097893830440180831430587666481213712562999777284953907863583830132537526215956526752
41 895586316195496122205165780787501743074193017177416003365855827578552199370003213787904466496
42 707109099396554996375253698318443439829186508320528543038946491854282083070099039646989287122444
43 579298607711140452578856140677215912497810427004013318337941781747664060848489811047892027269396357
44 492044567251414780010972438341503746145634726034512324095731104860442139751005022075085763031025685634
45 432968644999703507378163214628042116313142837563804521047530961792111104310863950936562827072157236481973
46 394400082721665198630983536780920663724210832340560298845948172599457576727162144972475635617680869717705616
47 371653329477878363509703346993898407186739030947590874429946410634502474831431950804458959151661617002060502077
48 362046270278666262597196172975911125805263353246783182842714211420914622200151876863217525682874393024947044492089
49 364360701085238454078095221518411698869249055826376814215592364526494835529134737359892016382992899918207494462311923
50 378588921534277615269418680320006234955723510139557616004065190719702811232199130163055450371530978150980379923190957690
51 405892665700858477476421558497485002553330075229495745185557989356060916612355661005400809959798453631175570723510075361173
52 448755037723295013065983245583187377565982337782321928682661057176968277643663049051325368365449435856443297474246510425942536
53 511351503729878363227285345702831090855074125651450997467165945451383549424181945964306684251906777142758003751283539437360709784
54 600216410657554508137599628724035876754524148355849878502843311993873164530870791819547784960811406570213753574287283535775314408804
55 725351859326875083242133831407343224018206449179548837970811001798331230313965234059776341085086158589909704746279010397174019862272152
56 902037182733712596415710412082212870407242295849126460332795607900614859638738086166893360428452426884593011031578273556390665696384753591
57 1153784779686238941639437543136962635269633101758942648345720150193474358621727782213459396648534973014625206342539884689669905140132738541675
58 1517213654368832439742757632871206684581786672707144156098715050853596089210208012052273495050884081636051051663282806363249784917656349100380998
59 2050189100829889356830444503745755178411564258383885355178284122052886311232965531714964086810257763140277012556683379249218254448649916415782350239
60 2845616877472703789811922833341573832811586057330376509752141645167488326471404413974345551825502771746613521451357660970987873501458303660214858478467
61 4055183034009852907191729099506178174136132731681862320128888108053965824523817437186309843550387579445676583534496251083650356585819834023217602921933666
62 5930864895317236855809173534154313595655641041675311831907307189379918931282842003333147739035754528372997446331512251496022285388711259464613936392648043285
63 8898702533576479638134331830624783033554368681332116632527626186658682390014875883661001123349162241780539200350468622634550222109109865566128927188524553644696
64 13692075127849700072324648265780875955838204928152199697126884272232144269350498884057876036626657789796305218112946568512091743418323953120437364345398981662475237
65 21596514418774429596686312767220602331761958493243299868438211573278870199842442023437211983777543533417543462109253561586310388443870272002222972892120987280372465846
66 34907002542842705124488222041893875751048176005493330795658096631470645095465768350364751571912758961303682189881620286635270410367007075252063532871001970793586051469678
67 57796728601415553937349626944241406360597402866176656313845971417684131007937627622415859015157777829807106757281120660171300901704194413147011851128235528272892530541932411
68 97995801131844133831095275771030783875701076351526716901451620405845555634060387591261092490172680244157765630196417353956600826684599042288327129820870624492971804041553375804
69 170090911457481221854829400657864861218624762695331526472184730975085823688452351942931068072693254219952680424913056030860883342261315052656505703351172021559161629916040785215685
70 302123240896511056588492216299001605335867763326180502610542663042327936113561616980898694256384805515760508156732658904999976643124734406972161355550236135293723853973540853915719486
71 549010144965920482544240362267204119673991237877070076673162860631110821947560023278668213336968427352724474062285767711084215720156893940215061849761688006700498758897209279958293708188
72 1020322219727681701095104258026151774560010520553116947514133454346110088380452773684214485795089640725227289257440633558992813968515506085734078500926217398848092763984613539674241200544916
73 1938769362465140106817468776142200443517748195743091895444751238569311922204057294901466722176285346763940539729353090985078364299479515252239559784741147936380182277564606055019465013195099589
74 3765488150455644923796788696415077296286769264917387456427450754720348209157145524361184516935193821036674391790882550368889359889375692620095702485988662852124044850899108807697490394763478544422
75 7473095649696670399192758419564987144713477137035615546889786092480395361961104422636130055006324601556858190395300610203650725550179785970202714906301623866914328071507042190089307326707408884042525
76 15151124009453887934651063705873182530763052001364486506605157814310613555565960548148449043551830702293835908722628238091542739898209869306768776975141253403519143865326874682529005296036214596420817218
77 31371709888195137066471633043120480126071221197729785642393258386793675811173455800768371287807039896380352148697662442575897837883458880221890654207417437453061089604804635682666600324120802126695037476171
78 66323500284908610619494941773064786254834093402642516515226500705685412072870097955590644982587551082199116366796056236261401351347045383127427669929253663084054354320063279987300686521278699146512754195183103
79 143127237831947081330982849102822969217567095894872458964659251176554302540766274608770668827323309749774643877350777001905198124769619698624452054055110627945019155877540496735708177718268610858441378518496629635
80 315206482462352722342658210407493394054413787100293325395941026371095163078601595208407473665032292583773986976372106328042660632310830149937474019708818388655864482044149770918447441570579815112685517076372099448484
81 708240877987610407151999240247307722084680086503055366944686177971895887341762820459690094825115670163568148732229528969096301504822773470374835139688069547032015535967500962916907408974801177567830897237143064362765615
82 1623219858687878489213454032035782318469673339660789170270985303965919434275057453671591350372322066903912104193072130554059402377525657529304831794639428845702963757235579912185500426901951878627282433218703151684804448706
83 3793884840249721169991627122374280353933580285322595292502698615934109110364751701364768195477895886388114798629915233316632329943594251999121593652816063603739555508778029014397535060592908930666201904365559162486425355372148
84 9040733057700462838187051987853641071317735961114493263302681814621260261266342241207512936638170477351819924258359811669630676731461594724526078718161264021980250393867399536338293729230023082620959042504905116150595151832349080
85 21960406417200136256215580335721097200969657996731589373738021106193944590588066351293387509522624561638876554991100086768423505558380769443824158704492975885417498357154368111248966607175727458537172053719814640432700423817760423848
86 54362700404251360443123218379943321091487516836816812880420252769774285357197123050628394119728468913183952037135049242026881690553399224772717373037652060374292436329087642340756762217859239276888275504681043824782520138117520189060573
87 137117974741640387031746151128153994782401704225556441789135946778635376075676373000000725362915529752613102531539964035741527047674308673229333024024275322315130716295523623065553666655228792183613826476734252318198086243163209283271990847
88 352315141619344009886295495372379121761599859528706217372283879220835060699951686198862109677837326383497718508146413274817146034945374937897225350709886752900725454934951719067883483649790055142594033739014459779637064784236841614741999308964
89 921986519492936586225166360731398412680118555993031675906735820127185033427658566542925370159544078076433062695701134953232628624256162023447217905706543781378202881239271867264237805316747135603420630248939461039330863708756720244750600183621057
90 2456907872148333022833845336160556756828519696071637986575241890665752906514942383526140162590574831749779655052615139820310917989880170202300232440408887300413598185998716765387828877214099679163446618924192531004310680535319524727069556666362674441
91 6665622918874820611855713255269037230328598346961945595494338030162067182626552875246308266483178167271461059023417040700461068274984286382045676994028610399217846804088345615471463656347484755256450028463673362406332701156509393526868423396658435169890
92 18407656012395613504918200984772914419662115807419565005670947061742580163525478731834170144502686767152957381664184473815422420870228035537315399684897605489761100231280325967002768796285574150604254246843646245937053880349477186548418301144608592547333269
93 51734725457997222586128317837979231902193303668881073942763316238305068864870589364421461629117357012758246819678574218336014119193758216211022313518284594216902190081312410949381582862575052683468613936642868214039352126358416228666748908869813992616428887296
94 147949471122907181485820641939358910965960090115854372019896634268320576820226060946833411292355245050991226723274978028310277437564838792802675553757009971805083844656769255134834210381226644351451911952061758749295391640899016410076590475346275816949948613245161
95 430442960478117427760986940042382165023061664849750282993927750084580704572717440452295417830852126305344187997275063522598462890728904919907195699824940897590289189890606017064123056912397002534419214531228995512300444868021564619116150898901251250706178053737843158
96 1273836261625786506805593501474319566037314351154103862161086773673937272594969515805263431000397284170311168638961190691629986803583274860087389121091532230444981208767487723904870264988513812905163401793349234471503570605843817668802540050047228954106098412536808772564
97 3833838456950735367248969977192027628980942361640852299786818097112285879273330394295167761603644247704249966862511736937664583658243614838962655332269144458427174694923266262625775554497687412778440206481552520566741645248636481387739237491899844431864147277547324236140953
98 11732865346269336187158322157010030397700385135807333949765731102786783946711965080588470981333888882564902019547314265719585738258813526408176011001800200615830904749644530312094708856000127114975633412253489918719448567996814744433119330563378454621169381982954170639059717844
99 36505116430594285313925381846181622603599190627346835565100105449997841949343747375092994458166300868545051012652322481761394322644186069023767202876931965266327837536249393336717264044971130203110499845215929489295571208433131564845746323910697688998868563838087579257975456173309
100 115455187023601102054699339990537940444603880453897172521324256347170644831033083304366728707064022644400813271350291535858544372763458924586607603509520669139003695482115089511664444017300277457053824271743139098463431038321884038865872240372450728481885805208458869190214583277194092
101 371120761502185977085426362281085028605928087568765460465720343565783279770247806623501268096593855760301034300497638837329110385091208739088616625130790679182088964534315782203247839632050953634211735716572782807360316910864911976566803813004846295504754033124507893833469005877048344454
102 1212250800016294349388420431425746146828283926256297769644622124432318938489655884645467546474588711995986637915664952223803205100742647227163047789626844993863110180709244970880445780947520034872986042500069762957104029194498587135471103515970810482712402589522028240821314237929059526539108
103 4023275208101011858216835634085035444452272569658459692506846801748005205230141770344054190214303272331606256247748496872739637282994733285651756327552522574687998317091266569293514804979998534578384713992320919143372223442253884744359938783512432727180825939968126237974520323468886013330611709
104 13564783729741941219039718288586847720152724035524597845227799078675863566682969404852580277822403803970681080465473235652254711265584951918421686979426454396306620056563763349808846205004723869117016308070115861665251511655648741963439375748783992045872319078738054294288372862048491906284221202120
105 46454620265524594644963430897245810606682240389405840349515600277117214044063727310586436930818423608257212183733485508689370855873588312724421533920602066794176083981210759537320948271368919095852073959020841875150443350831803310660045147924053440313688700591418301582418550701058782188871945757355859
106 161571985894797904025024056745986956568066119589725769809492528887269681262572685861723969259935510037071990380280552190162129961776716525326160630044589801443468855452615123133740595504777156277366245552087361153933930751097680040453874196858765793511214552227156843052374229053882646473574094156650829196
107 570641894333259745267702886365545087252809728366783802859076375992861286159190356279876825569511769995932423501641959084797338423338207883905354570526352046251357050096058448938182851139207211321606365821657499704447466695166179159949061789174230334145817880760727588800256047429964827349706047166720521167319
108 2046266139578893419042213801651696470902676137569243937055824352208206310366731395719985169194596860371395887029498932876838450888110659666211072241674755336622861182369497389766129441834796340460035712891950781369416324104012728548783593564200118723519346025919590180086302698202748229569711822314753806690614085
109 7449085582468481215002989698212601834159289399134722200162668942890855409543771320302438561449141538502823703257403398569861331854226877636267292545979219543776877018389935987423367223751395643101310103692594070248246295715390196658833256447419940733356546061382464788900274811994684468658348767994919377177975837773
110 27525089445064847406520716507659483212217816766645591870180219391008064350847562154080416865394281671084292270777315537204266871504952262284447347700048671824795841516219699501344514324253694549003952044704074151829020548944139564235593336648736197496454548894667531512081473136724600757672648320284317640629718589331972
111 103224551757117254158162469063647876890288345300814027928010001254834710332807154504420391977842210145139644339459771943553026179370817362496308819082035481386295536269525645363820928359561875278448453099932839120911677154391537753711112800319129011978310186674710521673960983069110154884041687456469101106036484789162818163
112 392835126732528811229141779037482941933559831108182776738326202492062962795809305844002441514294578559677722007160655452144913343183719220830728138180210960762843804033992054925690275314967106134864961248208302034590009366295035154536090571820067674500722683663072609292768276505217484524525147877829258340842131701438930099614
113 1516897302666304574584004988616735868472218030735611883080451604207316659703904139030997771895601448555116826061310827792812790010849447182881971711932025741882888156024281494869275819851543589327590808485501368303996412591849470074679853611469191043452873182086788973730603597738503539201184045499434649331685450180918935622613012
114 5942470688216816667899741644412145351713087472593292155323721920821451986626545184211745008892584489143872515784999498485287830858318598261899910736398857189290355096492733003271042094352923536780213403785978858291950974320116317386430493447900065022409748921736812043686094976619192270740122313387427524632393604750062974225864517320
115 23615126967892156403907694193232905399953696406169996211433354819339696482185191941822951766555690149296992649693121902936617509960820919089286597476912343054153432681948350156724588164288868933775104690106002372137009109325540989889065202067871763990093020821556389950229733238785434105540992922083137373764987744629979322866181377423736
116 95186233363665961008825532121652996256401143482620476057220332669914000128240117074264472317492515056941045234006964120727767526864355863678654664967228210967815826483255026108541265494456235484981385261854718967177205783692697575158680985716828058282033019301470544893267533541250268483398903752389936048266472753022277112232916195531576673
117 389105829837220436099605758856877576177750195418714760511054818191089372345806275307064953635775796138915618596057022068647818182144565110197465081910562567284645685123688937797592913280475207888497655406676919444195806281328239011035260733557501994900837725728900111336511430198087659379860510743276363283314060347410769635692797903701713550523
118 1612950495522371508962709731517444650751571858441175243178032255705620393217143402889295503939766038328320991370878871479455346982129707182497710129870663821415610862548236115567062076780474131824468366804154440758467618928125097259162854047520705508410265188483077104592215436799410600745866173419479545001703285330517413938244059795402739167510266
119 6779299682401380844848364655938386987298400249443052056557840911832496169857566057423656758149620031853254342670179347250457775914095089109910232699574213312998026025988202798360812114303831841414426923412624410440842178383917489546716123209643721940925034622027062420779563492754139427240356558414591098840031432331184595171996083043756571327717959189
120 28887550246415640420982970040932533877439829102130900334852789543045757907421769737970687860662817259466698203447006473627398223237063452956068903140391010559218769898987362496833526498501527899971729376501336195888336115720728119405728897009361957515322900174334268300381577136209579303128020966897424950610647642957732130415627931192331072044604433392425
121 124781746549290530858365686763293727605145488951180640585942894279825386697086358920001685308802438748385650039037680436490323297104802084669987679988883948746369318966135427880880949052633638339457481471891811994787319406444053749953394834298434923411162960481424695909520721530540212921645997041520051700237136664092047020283938634154046108318285429224667346
122 546334988078509533880720406620253799277845766589899373966068615170534301655705843519921025921490757361918745490686203026672275665181157809947144532953893431887496693229816966419147259737098391222407281021003379583705521830644188242794567992664419073097048629615331033985652408676610636794367083185610920851538291588138486406724387990766372324745574699932694595675
123 2424311750327894870733331539683999757723936426541264179615280073171064244564324210552204321932634525808866161699698900577697608022001935718181118818834215702465596973847660498107591968579599060088186312045483455549123624198243067937312275378704202027933282980332352229710561472892073539262084824560766408289424064976262854626486924596121480818496589234671788804832832
124 10901695212064228079322420950290686203301626494162001791721107250029836868849771200270244610722989748026435429994371679571938060997485778518206390962967132657294283112146035931433239047200524842163091700029644238187755894181539735716021849651526545485449611860193265780250744855665244788293191003787171372910027842623044749157950680731361918396626369595417003298998906239
125 49674219690553592712653146094611416846576456921165947066586034370816841700629446256319184988761393897542012889594948190061248848830494940349100302529170427493091844417066508421876968871499477370329037012875496438967182168779621769571376153757873393652665218100992803099434384177852901423528933990383627296462364214261406553174002226788552327927873736048858921505372433321488
126 229327188124575008254166008859943718678401175225384968003320494856443297634396184299003116539628244421660559390929715331009516740696781893063537080087596561480273999714215870756663309501579579315462722968649124490240648833562335455649071797076877219027178048333336937897298654514951896126750411486427907704677082163620398096710343823062008882062786286940787315457577518683730004
127 1072566474634356916651797736832855804081256671139064945091596381669146279915309263433939770563050961497111639977314010784960397089967462270223291726393596222364776230503643602026947861299189212953239980121178906161583314384352683316744058087287931656627675615170125377112982267396087153226872619751005667007203608501220190933636708650658840609016894011997114008969769470062919737797
128 5081529348110256488971745072024425076146268822569999587507072044027933118180794043062606397523977070361495166384323210853401674573381648994254830291116541823415929258593855962374172209601343362004007590257793531653149392841806645633932999197263711640676305001686957787136021406200213053998863661122704816853508416546213629003902603222591383852969341686660508634419573913452028753365268
129 24385082142653878295146976583551887236508302016776699990809076776306885651241461802827396010503063887365649769808688242924430233118860089917911891114115139903300078725897210598652258993648582673079120880924575747944538457195446583891747506102271148896354827835076991772667523851830394719393839080422966739535052095903817529089437901357330987649596989440184093157228881233568501090905550949
130 118514700109584593603996776341227380816648700120665140582282695102784370459887922735467280735557427764683694968542213332687104764815506388409465329162879953331572439350551615697374329597830520590306506277193168090332595369095981408548433730840739362566213076171655662581895140759531287357575763852456947993141270309348805284488766811561538232978531071899070010949918590722810757612765807347262
131 583307692735931816819157409961891242342713579140336187968441298478891589796119045466676472949140873189808588089994219982434205239139816972146611942169822261034263983858777480283691265593491190385022714907871622245955290351640778483872999709312697473351113165983331299144602519723613598531460244735916834232725667681349401591241725015010057705553953869293744977313877138083598941690860466237517058
132 2907103827881268624326392012440645111703796960275228273640405514691170825058225538990405405569467068157906700586911866247838524839426622988988882561588178986681580646748832668793381565721844255402648124550953499030380830062990958964153740027139801115390158405182538307801733669201497258068760184993895422175307991381014447017825664202436065831775650224536374098893331108096920616148163438921344560240
133 14669699048985882557277118243724805122569774872922017938421241396210161718160401470583592639146485038477116758225929851118706721758469345019490509042219168497293457954585501953425189194359728449124624941140394643620258841097642970205338039977079924540601558791572290552606512964196776055126491039110656671696236562472450182512790302816481965459999238752768183054263042123494924306913654711856122183653989
134 74944666627730422965249878059261681284332072842557952955240598976263820563287191394762922895760342939965397945197514967662120741602264864961538338729953059017329596831202854424013649106845089159886597977200525800606017874821767757053682245050214414276660496622410124434480911142034500097199402710594883857820025664406884279847506846929460227121070408319157348602787614177955445378353951710184511939375902796
135 387597293888746257864801151786052591550880500933378464827653106555340983271901351628317795096848700530243966669753276725439973712575111276964711319570881398856434262216316071827646650507222042713008434358905748855175721043629558217548008859636418521352196052544364000935728848275969459068338515757687665128096219534086383189934679856349278489700959491754881216369782994512556218702170538836208254981262274773111
136 2029099670423632970553845553469414123242292152102479210414542581379559279315662167932539489547550312251284767923661100078766041180184858294406396696074661205838624065250550782550992926080453682041647579420473780974001496842327614770753034948929736990506228439053885364670244928938191528553117780919488758676535137795490255420512803879183647986037447065627982300159289984740425012165905872250182787618172205527356658
137 10751557192883571734780648896641391387951752792847958072031637338976452655751022016659263320167548909644759285434297691182505659083576769079634724419020863541916769372720987301037060448294490207454445735644768017221339286356990896799440046248281473041720734600089949251009738905159901760205866889248080217931701590604192172796452108194979523302254755837224876430931288815158536481804587124560714898255661199405625421869
138 57656455342821079677818056682077056031267840186668211888485821694232844637391348194524803700630563661225150192703613678817768163944919873771283400729494256025335409985735928302332970602515925728129625383047660784374973415668896237027669429943051688641866321967361835696967503278229937160310369149949871020894760951268482348524528482402898913013568937907496539576794275501487733302963063051429141154480632876038236601279875
139 312893717024466256685940657543640316515702771559709849576832344547042153450630644642592550137418141125151879430967161330515725012031167427183321292199367520843820643354580634919966231076059373518671052260108508750441073471609173275386994900869171258667993178473441935643882177874005926855963867288279109785286747004015910065998939309611586635751122340375161209933163887107839581844673677888119023320413167406952599554573166253
140 1718234132271071899603514355671195836629913148023624367909390933150659256277753471194325183696216043726027862152870187663979935065557083856036511267729763056687696880054740693064669617004767970528949921292940679016860864055364210773628409497537294116847791071361210079396196178684771294153827324201933967851329602787779906653756317513354605351112752214501554369162392125171328956788323561258088045785101272111710806174299396038522
141 9547049975965728662641367820095487391632294118284139985285636619135855344031267828573786598031715578163531811120265462406482329451660431123967219813423793793798632010619754501623305698527403396267614582792803466579359454867805374127482890268171865542769117456162536728429515218921351479970082634658206640763882658198681642082574581088824297334254344891853772158491066531485318113526716751689406036783069618401831559287503219128942945
142 53668894574402558490833399110053760312462934242395625201662180423102115877609321181383278168854930494133547323430601600530912035196219934780596651105405758038278636934494070864063248333011719310200615478776048136184842316107011909192233124845711865899169015016259453141106012986004447495995082875824131996494795041421294418001770246974882587518556805064424807111948570226932285201392790137077790494168092156100383338228413976562328374508
143 305216794335090370893798633797112335857348440885359218326161214289716744196776571116354997309827746905875123413400344582135013445016716328251618472040315345090031333884172810164440698918233306551334870110601496444139710237688256065851598685761852807111848604826323536410172892110168713415096567898874138392108606199849218126113194246960478382705276847221880904158254810210607097788335472410023778722068649420974893690232405524817473513562948
144 1755871438910287930676125638922995831022537679217669126777523775308478250020928412732714852971630122148087537054804743879944776888745067309593488559298324606359251330507002796920284162460620032112963987169150112677467410654853207609942999217127319359056487644771844950404980008230429912456203356879258778271655422031251473297743736412375613286107096648218068218005211387294510071003595094323043534587797864097342955006213715277099830679664400512
145 10217441514518184607061759293632134868162574272853923125859502459751235351603316533586711664071414208228397923910510416903956273950898078315254182997871501507331752831904698067488934363629935886298066805077402361184650599080327798293098956449673983401972633970197858280575399352061566683753568115233983457889414010676800876706115078689444874112930369242953038763603435825024665905299729214185028801339798325068244563868421405054319422270301230713808
146 60134521372964152310786958756094415098079947587554949697367280103828165603161554165611586944375859889402481698580928123404219808768668816791680870384841428326774274717615630795685021880143532132040361196009700838988242758614110210033300233127241851860314008710136453186010836766346989326610373020281018707409048715449468592448336188693805952583290306418275562391828640953783470208276042358289768651220431539657612551745961739742723893294946133282164099
147 357935968967560588030073543295117904679074141618124027511586199002929761521400809794204211737964290889580413791266162030981259902598931515995733444836024442193142414015456283346028565860597728042208876076637083549007053858475547112489874636621899315777634415051078551752668235163855804395185691610343987359928926773920000248050017338892304400913099868054434264897821255983431990087260264590719251614825340296277995042277237929285088229807334956918739556355
148 2154540076560826614673647546101428188530309704123382424547926752833231122397388385524340182181037635263704094328259203381130878057060893145037968456938141302550748044377263152203753098119210340455425713122573524946242147286194460848745920688315478332288085189463406885086987193898045651917464107614029267982371933683770618934174928713378232689814646794380716748475438773581890040241112266774165851952874199091749734615569939485945015217033391291675590981822248
149 13114143942375975529152995039466473196555577562793448773019224913850447113237481811818065499519157323820033877236558913234719165690907490002013555759193163238635883058312932567026877294873637180220914671485074368513785708445916826948510204409636150726195187680375161313092272885578347479014530609733445849800071676675323415482703413966808314671741978118811410184681288707864068575853159074044316265370097378257111677273809546776710056352026807245231109882117488575
150 80710539460399325987659059440382172098314753025151431007902244512592863536404102928152508249054860618296553261056880524695004406004115793225998547386411824551872147548342998249419351220259774398270505095446061793803896869579615364050617154890293069251362039619190789018123167348416834586281670519258380281478535532658711688138626602670839403423583407201007842656610097494154975809903579992847817831544299423730955602503455701305142534211428620170777101750086360058935
151 502220796814433862313504695153204233605433362754899027773411370827881398655476391525981649316736020818157844371189724651178793765041042109866436213870760734909156415209876515611382663308343881339436808169608157854459273671757128643119118500107317192433080185922857844477109019448085072993126186174200651547229862994801025148071089300705983357574348205607859419160930233640516049234615778195811271607155563365279627232193756950407910257249957531289055029297453553006589326
152 3159387357558933795536059908828307799790696213673068865901043946034359768515647940285504315800302493609256370975366211876280124234627271421166745850840023839279540289559338574522091490567797992682671383107235261129045859566831218377410233505774225184155703038496721646310645503299196866931844612605753450572511712396610474333400522352109719576722650333614006453901268936722790191454727200467499853765032902159771267522097905929682092330764496536920533519772197210611940207539
153 20092075027356071895367810120628019634048213426302616080790095319352451858235156376503665595478158852973289624078876985337017081310256110711938848420958932636800093687134793163618934295161394568696983113208414742421575848231619293609616815040701374909853640999902991389422350079485007312558593723226985005668438904066716677482042646760347106736732146186953345096611017893540116601640602356756866075983563957168907974423897867067003048720706116468751010546174878089609089731994172
154 129160825570596322774872810359769657748800804914246415496549182333089224151187701955648054494886767994895772823796444008769491666647035157550237692530701611235062501937559697061853091738210663829463856177109845120228156184971271447640718974882773695654935668509754527400258895609842594755117609601134680022362001151383528292551110746635241966088883241790678142124169967262400147868927772056519784848804321348350262143176468032691250583241803634783371472398795638563158970999575321471
155 839250652996638008698206489840678800961174712249276124231412842717365063058337233971740189776179730247976919155126997210204137767262072203942372124311971840434080507394652309512925704003229833512061944711816171589207741471725631542193381484858633157645485199826779774598077111880062152928062553830794324039574484591558444186323712560251362890941480752691402759184411244078011253297660120783478595542119127613858432700827835939799120195589902559457559564852993992552290528777816505941444
156 5511610697887035091562489574129967513137825225126942568246528193461078486447941219119870912935722321908287738510123404823575420938719594354444154408020971799395708881504555931470032656068695317296750733303276160194572043745849566974939605778779316306620488964579830573585546370423728877535118150728689748802502630934423671099072963585031242520096416479555150556235680919799111376335737013871441870082088225043940132571629206640516351058024511459285910414641383940600552185605341400336642658
157 36581611188498278087660083061842076702737518976953112231838402768164194774151476510809102460561230029039057454461815657682826069740544090874230108275166841037754577071164088069666725663920335487346672768321825692887388577605868669815070280297534860852272908512060563346749564752702964950917579406071319410055485223084553046940161623758327706236286558750993251045355615684850525449309716918038404675639100827419593218502729498676200102032684892291129407133093460884974046861892311542160648255607
158 245367142154412386836557517448509503337166626371806164557861074937976734873707760964594958458387101692324708261597411760413521494332412289290184738791368951398137109881216606280384535998630562427201718561918052249420939215638680653714975941192735824746001751145780774058667751637812167983681895832035535403840112709157439329088349725301744954176970155470098208420358634219165888249190466210410851155941102409294436307520497918754717780402016115074369704496924352141325013762884163906390897096791092
159 1663073482928319945337650013462598186037897083162642389631667935459361131127164516383283939524629184131308652310393741926557874194739834758565468197111848776175304645327044208370685455920673986321080088079632683086143856520013540025420539923067144008750270222368897422487521068142477881967646845725847204118853944662639344187291125090530971386560278619659294968870812841466860602576598920625869508016566433103413281739593931000497902422602612456097883906898825960732490873750914510870306390620312857101
160 11389914205288337099426354181492246919894356281549547930984110873195073961759484162466917049227654839545171294344720767750202354323184692340539895374037470454657428570419154995627220304192514725928704423901345754693126324283560762756784338187469319667555948035802475138254434358810669525064427835192840912456488723967834290335362546722310244771683313545490019032771904441141065542855808709635034156878876252114404211531357581992179258180928734767263373856793238782783513988097285270052618788057311491803848
161 78816346811195635598727984195175802705597205287595250788716414684631331449799783840549480846942611055220484275924329879665896338555562162031178287834306282121147667335422050153690636828003096215865409336891590834539900598571396621097138926885385614854470239358501959633934526231485574293549963003991165975761953308304249394134651469362557169254643706214498289708070586573657764499944030548273224692914325137873344738202172104993766112969769817787385632714495586486430994149136037388639094337082105120413585380
162 551026097227816208901149001827957689983302564503268898341249242534426856652362342698778116871288546567604799525627173957091394768327028724845428854373119063183474417983517721286668937046581754911204657451600298311613023204480878010894732086328922344617220595825757850075490943867598297211248113392363244863432606032086962675759195529270905135787317496784223198071046073354814746109424645311268505261057736099274827359306777419631705572366382286945387908821429650705310762899335557404861862684541042831793279872220
163 3891898988779541181424535369518359949584494347317288685176645940129658339361137906194992868299126853140334072176753535262257630272675128622353767806312661511789491073828275618345680428447697377215567329069191629908963057189286081524516635609561579725262958740633161546219650200430599546996195291263560505018407642253287639508485582736375357820210666836573467592474937467728176729161768824557044391079768446560904359639782138127423650676903514160551462256315740086946434473894552719237547938267068208438545853965073925
164 27768875960786410595550702893899080159139143027044677291882216038820987325553283505489268491870681007991499079304860178945850855449576648958203364044950500682583768388326489177626449985144283582355523216984699148256410588866827553865355347570194209799131888785457134153642766254494798681445280849572020188535847102058033378350125460208738176838251192896600725348327870418795720055976520573723579683213927833900992552414922227743514322344635765168686897620087366317694629622821319324735661536957760227941680821641772099126
165 200141211649020717967499309675665654386667964468099512893031892963263127143045012039046842933323939712787444111332396482881526821858476177549111675772613937406956919178101615760099496540928744233088920492619546448099432897236938629322987792033185679811924198492312828210747815414842479882941378195978118203768707278944984459880245825799009328391939943426716888805307519388298972245757616907193053105739790719951215715237774051714401999907031785247060273127640472670051802798482328909440165108299425997465143732779576707306313
166 1457037310044710863306333289138781770611561032375983155547264882917391525817125385534576423808739359728161028295533968491387829958045307998161106346729036418935039865914211345473164036766497116847229783729291329632931407184996919192611572167245534141507050763617865952601321185542189478324793873501445388680320416944081295950994566127637814741018274570530586657194592028879054280366169731841954727721026277102901573921052777053992769251225491283028342180280473896893840457529391332090218986504203669056521952531205499782721602896
167 10713601435115831889017015997869106536436549439666503134762712539707537368547430493219437402004694485098877571285282349595344315856326936995463312285534557205544897147187787818978402777890756010510080869596914394563197915811539624735689841828726121570499401090779460495124578502117058588195335423682441044122765510586629745585499448457614120631354448731007072080592026457389087447927112729623339401635222161831917301265317961158991203929555040070399166958433188983078543642497437254189834481724338138430712525458279788495797199380185
168 79562056394987805907617006112748458376999413307657444111990928781382835088695633949616637753628680076240169297756570362437549884843709470245302415037865572917143595972335788873966190659158310103613647289495509911056055743497175207063204047608417826215516279171451379772720612937626519313950022530581721469834885624053103211821534435543746380785609475188322642995011956121076042866684338070459552646524382871809596527843493493702533964861588767043014471256748125800168538269069948369412974547265603786753838987295740248819394632316602921
169 596702063494467867085639486155382515506339161569219774346367745454652909235284536902465667140747470003747012427437266605565270265004346137128356406455044500436055512489180169261633317315299611966957113307755519403993181795260808812977936249906878077227552885688860267868400560475289774863452216480235065761670197041158439468150147841675056318822333879126500321929949175160795728324809679980067376562009416126405242751147801068227806358037008978489429323197049605745935340731683976806548058642118795950114611893461215016959098848074183033871
170 4519243236615045777313266156508056995925829012660985824971482162042336028022630173574673198714124054023746541008320295825419374740955374797458462301154067342060745401694645813073400709119074395481577428000641931673516980662566367369932360738684923034959109519911915852056916676428285945199632392100866678270178292978837488382599725525701441259227844302077619962676806845313350641748411377600959534136406136668285475337870034356111607146770365016070223920915896188532600683861322042870246704419629536121824987967304297205185586537750630482842118
171 34562601257206642602933662992408231316783928340281048193806418336047870369100346196340646977910374202305797836569923322938603660076898007080079803106275633679158317452248107980511689483200024158093228516363516923900314534310153077550135968309413480818790074881689928858241364602506373876372792131216318271385732606333348051759811954730608258934821268249727145190556431038846151676356699972506699975912122753178045267429583598264281000495996750132518126962527146327022450653984670190994702918532744073103564596585411250751933747323248314911603194657
172 266904451947141961042118793861478120171776807025952678038515786964376010781139437396634344277016071452943397475836387239914492194429519148037231534039744104419761163557525946555363847737587876239361500876957021422291178647046487140118153937788828744089488317293344225413897197092648428517435518674818636108722661391575265111072865443361956889098431504924360599004858350787206476733624306815920130732673514246131263803550210527300634385995740386189118434397438788794088140771816673867851684295968211923987596219015314860666587649541777493705386150522268
173 2081087511449115304970817600351073764864150263914012522039500712433803506769282448884094497215759715323050445576103031649214635599979304080655803214914354415223534099080797071518874473030456818971426355707513532853357894135016306259285837876622540213140006467448438095167353206138738370316629347509433246994982707604558811377783344294185100337507154807226183721730789547930341793298759701030321920545206093344722391397207661932449597730923235442680873101065007394884588664025531934457526385566017262527007894705870621616719137714159453032256849770241374224
174 16382746002827241896438712669112588138208079983129057776806357864652867802677976077336107526328543703191829138734109292364690861751071334891657634480241978279288290596195346422555351031997803538337267546234174880476004988851644955469314630841607548703913563518942970683444492140155839134205979942606027882157884600181657276113189681331361452927912753167400487517382351928849318735320498512308565713885467225274662197634103635130246552203987019142489329971566832369321202736391490542683218849817922060399931073601993437569872649097782343043092591114175456314708
175 130203256226356923356537321722210518278905343409017245579248821348843740087358465468163075191041011564777645646991132171961127814492706087637756077525049567353448618993188132547861780901393688777107665677861937100285566079106441711204446910369787386524055591787801025252694650207924466102730769259141376231010280892076691636033606555928853880970210573156834342095030201734460728101055842871270404041182917876736034294234702592863670018830493200777799695351883196797780379601144877619445052353851714570620120912523347178115229280041488217196064679081882407142475496
176 1044655283637339801201249632859385815497290214989828762006620519476539522077847569524557737213591414592775702046303146407268571276977683237200823184932318477173728302686550961913797680005954130560660524498567088525158243035610267342918178087912266867744575996868763156172079532288035167083650404933059495864731184010515175808605503657806987398008697330316012029416155930349162351636651240478811585204681227752366353093592331311562082432740896224835677192318691270839245327697886654165114670817378835838942547929911893700395855128322332567324416540839687210036808945075
177 8460921175318814877203748405464227350318389210579316924567526612097405737488506745269661693312156370282011330882623771416288031529273640641897037235336186736317566442176567959367962299815150878122127429573092036698393548473427242439665195254233879211923903900844965360173205504019252668273247326557262810247607320651621487763768567916707144359822445027204639002955466310267833625275137536701670726442292050336301715257536179578317224822848289231523939739160744531231801497736479247251830452115622960062041310184152236369253647285039550375318739786162973737964412746568811
178 69172504082024950555696374839281545749549604777269736113045700310141685654083288762074735990078174756223382268467835465072928364584536856490248506933578892021298671644170028296988113692039736072196333947436920065423075278104652648155325481892460743333177237734614996852417905532408152100823905320040839277738463539482357630550248748993908500770489028276119612330524812924352097587065770979746822122117427825094568667504871965644142801993301126087654661736422265400319280185665433133079458294027298219804699948364701134147008540420628324766661241344759562689020185419031376902
179 570819125372781214143410293861689509436982560732794671858259171157820837138999625639255481883886625241956590159222520761042479428289502527459822133560722136798489161828687771736112590538325672825883704682701856927148815376742145170883699105744442391173897236470559135637891219555814064688867504917946509224238570178306987963866004828013476627271543995918534312578811446511135028153457894111023082812925520849212795094688317993018386258735444975526649659921673216123736469552325157207077820295690568138578471345827357975560668934661586098414390021621388994343532316266318369234979
180 4754347355972103798983487541438220929733344466666809776808788372862096140311908375365808994487338458969989253573244991304624013150591390980413465839522469088180839819994941434522637703644821162935887050020797235262360412460549477089858053030332986293467068273445206950683975052337367031868288409639814849552767904392126078862684424092404927921017524712962239953390399876220576106458939856536226247383057162276787585017964753708271640808627601110044535169165555986479359514953855297634700752513712782414566453714960781178220648873885585051543737943978610812610266093983893219485984767
