S 1 1 1 1 1 1 0.0
S 2 2 1 5 4 3 0.1
S 3 5 3 69 56 15 0.0
S 4 18 12 2153 1856 80 0.0
S 5 90 69 138057 125696 557 0.0
S 6 736 627 17221933 16280896 4980 0.0
S 7 9879 9035 4036310797 3904293120 70169 0.1
S 8 227348 216538 1736041818705 1701877978112 1617336 1.0
S 9 8839096 8599886 1348201535646097 1332051500910592 64486219 50.1
S 10 573012592 563918911 1869742968781218773 1855997413588409344 4385856303 1189.2
C 1 1 1
C 2 2 5
C 3 5 22
C 4 20 181
C 5 110 2126
C 6 954 40089
C 7 12772 1196258
C 8 282415 57979425
C 9 10426046 4597849708
C 10 645296998 598167103988
# threads 16 maxgrp_conn 3628800 group_elems_walked 759721000
