14804 422756 3840 1457026568107829496805713134
25607 500098 3840 23748283719565663996321865612
148459 18363786 3840 1412917800321192165543105410
149520 18375100 3840 1580026274604445458952971798
162564 18444723 3840 31738142660889115318089262
224028 18820341 3840 174910441126675697315862
252625 19725558 3840 76912043000191791566810
279555 19786747 3840 797728744909546365960
298777 19920961 3840 5606472415334179576433896
388056 23763091 3840 571117658985284625369451900
411621 23846765 3840 1523857746224519182924
500991 26867330 3840 8635286855544060324817922
532788 27178590 3840 710766676138339531117946
613408 54318829 3840 30749252018110878634258
652176 56272374 3840 46236369600769251192776
656794 56283549 3840 247537569762316432266846
736604 57450232 3840 77060484343325975202530
757808 57533203 3840 2680883662706393960483068
848249 64617872 3840 79249220885905466228126
976426 112326359 3840 1335856448747531286440
1020290 125401577 960 5433641537130227712680
1038328 125759982 1920 26770203484530847604
1058003 129363818 3840 209933611391705291460
1129199 378515429 3840 392601760957194164624
