0 0 1 612687381284315642689139407837
1 1 32 971300347176040756303653189523
2 3 80 196994098706334701872749212992
77 491 1920 2744932468109616017558928744
1000 68339 3840 453702994008044137054421892
50000 1547839 3840 22662647297108139530656852
300000 20732782 3840 4826406833224931240150640
600000 29288668 3840 4403779742914548839984988
900000 108261001 3840 2846919409450081022115704
1200000 398253941 3840 25557692389861354212968
1228000 1807597014 16 1863006544382052121395200
1228157 4294967295 1 264838077736507908
